10 20 50 60 P
15 25 55 65 Q
45 55 85 95 R
50 60 90 100 S
100 100 150 150 P
110 110 160 160 Q
140 140 180 180 R
145 145 185 185 S
5 5 45 45 P
10 10 50 50 Q
40 40 80 80 R
42 42 82 82 S
200 200 250 250 P
205 205 255 255 Q
240 240 280 280 R
245 245 285 285 S
60 70 100 110 P
65 75 105 115 Q
95 105 135 145 R
98 108 138 148 S
150 50 190 90 P
155 55 195 95 Q
185 85 225 125 R
188 88 228 128 S
20 150 60 190 P
25 155 65 195 Q
55 185 95 225 R
58 188 98 228 S
300 300 350 350 P
305 305 355 355 Q
340 340 380 380 R
345 345 385 385 S
80 200 120 240 P
85 205 125 245 Q
115 235 155 275 R
118 238 158 278 S
250 100 290 140 P
255 105 295 145 Q
285 135 325 175 R
288 138 328 178 S
120 120 160 160 P
125 125 165 165 Q
155 155 195 195 R
158 158 198 198 S
30 250 70 290 P
35 255 75 295 Q
65 285 105 325 R
68 288 108 328 S
180 180 220 220 P
185 185 225 225 Q
215 215 255 255 R
218 218 258 258 S
90 90 130 130 P
95 95 135 135 Q
125 125 165 165 R
128 128 168 168 S
270 270 310 310 P
275 275 315 315 Q
305 305 345 345 R
308 308 348 348 S
40 100 80 140 P
45 105 85 145 Q
75 135 115 175 R
78 138 118 178 S
160 60 200 100 P
165 65 205 105 Q
195 95 235 135 R
198 98 238 138 S
220 220 260 260 P
225 225 265 265 Q
255 255 295 295 R
258 258 298 298 S
5 300 45 340 P
10 305 50 345 Q
40 335 80 375 R
43 338 83 378 S
350 150 390 190 P
355 155 395 195 Q
385 185 425 225 R
388 188 428 228 S